424 316 261 322 450 437 221 456 481 513 292 537 408 556 296 562 412 747 315 738 423 894 319 916 
451 319 284 323 495 450 252 461 488 530 297 584 424 570 312 572 424 771 330 775 427 926 330 937 
464 320 294 324 498 455 261 464 488 558 276 598 434 578 320 580 429 754 333 777 428 930 334 940 
468 321 300 325 495 459 267 464 497 580 256 583 435 576 324 578 433 746 334 774 433 931 338 937 
472 324 305 326 501 467 270 464 528 588 242 593 440 579 329 579 434 775 335 779 432 938 336 942 
472 326 307 329 507 467 276 466 546 593 244 595 444 579 334 578 437 777 337 775 434 934 338 939 
474 326 308 330 509 464 283 465 552 585 250 588 445 578 335 578 435 753 338 774 433 931 338 936 
476 326 309 331 508 462 284 465 552 581 252 589 446 577 335 577 439 766 338 771 434 930 337 935 
476 326 312 330 522 462 278 462 578 576 223 568 445 576 334 577 438 773 338 772 434 933 332 939 
478 326 313 330 535 456 267 453 625 525 149 505 448 576 336 575 439 771 338 762 434 927 329 936 
479 326 312 329 549 444 236 441 643 412 123 398 450 571 337 567 444 771 338 750 435 932 329 939 
478 325 311 328 563 432 217 424 635 341 130 337 450 570 338 566 448 768 333 751 441 935 328 939 
477 325 311 325 564 429 214 417 630 330 144 324 450 568 337 563 444 749 335 750 442 937 327 939 
477 324 312 324 562 429 218 418 627 338 153 325 450 567 337 562 440 742 331 751 441 937 327 938 
476 324 313 323 560 430 221 420 627 344 157 324 450 567 338 563 438 739 334 750 441 937 327 938 
476 324 314 322 559 431 221 419 627 345 159 322 450 567 338 562 437 738 336 749 441 937 327 938 
476 324 314 322 560 431 221 419 627 344 159 322 450 566 338 562 437 739 336 750 441 938 327 938 
477 324 314 322 561 430 222 420 625 342 152 325 451 566 338 562 436 740 337 750 441 938 327 938 
479 324 314 322 565 428 222 421 626 332 134 345 452 566 339 562 445 751 337 750 441 938 327 938 
481 324 315 322 576 420 236 434 625 305 125 412 452 566 339 562 449 757 337 752 441 937 326 938 
483 323 316 323 587 403 256 451 612 273 133 500 452 566 340 563 449 765 337 753 442 937 326 937 
485 321 317 326 594 384 280 461 597 257 202 545 452 565 340 562 453 766 337 757 444 937 326 934 
486 318 317 326 601 371 291 465 583 245 242 565 452 565 340 562 453 765 336 757 448 935 328 931 
485 317 317 327 599 370 294 465 575 246 252 570 452 565 340 562 452 765 336 748 447 934 329 929 
485 317 317 327 597 375 292 466 573 251 244 568 452 565 340 562 453 766 336 745 448 935 329 930 
485 317 317 327 595 381 287 467 576 256 227 574 452 566 340 564 454 772 335 758 450 939 326 935 
485 318 317 327 593 384 283 465 589 268 198 559 452 566 340 564 454 772 334 761 450 939 324 936 
483 325 316 327 582 417 270 461 640 342 149 507 451 571 339 567 451 772 327 764 447 939 319 937 
483 327 315 326 565 437 244 450 676 438 125 417 451 571 338 567 447 771 324 767 436 939 319 942 
483 329 315 325 538 451 227 429 659 524 138 343 451 571 338 568 441 771 323 769 430 940 320 946 
482 329 315 322 516 469 219 416 600 562 148 305 449 572 337 571 441 771 324 771 431 942 322 949 
482 330 315 319 502 474 216 414 538 590 184 294 445 571 336 571 441 770 325 770 433 942 330 948 
481 330 315 316 495 468 218 415 523 580 206 296 444 570 336 570 436 742 332 755 433 942 335 945 
480 331 315 316 495 470 217 414 530 580 213 295 443 570 336 571 436 740 335 753 435 942 338 946 
479 331 315 315 498 467 217 412 543 567 217 292 442 570 336 571 433 742 334 762 436 941 337 946 
479 331 314 315 501 469 217 414 551 568 220 296 441 570 335 571 434 758 334 766 434 942 335 946 
478 331 314 315 502 468 218 416 552 566 220 300 441 569 335 571 433 752 334 768 434 942 335 947 
478 331 314 315 503 468 220 417 554 566 216 302 441 570 335 571 436 763 334 772 434 943 334 949 
477 331 314 316 504 470 220 419 583 555 177 312 444 574 337 574 439 766 334 773 435 943 334 950 
477 331 314 318 505 471 221 424 612 524 129 360 446 578 337 576 440 771 332 780 436 943 329 958 
478 331 314 318 511 470 239 437 625 457 136 435 446 577 336 576 437 755 329 779 436 944 326 958 
478 331 314 318 516 467 268 443 620 416 174 501 445 577 336 575 438 764 326 776 435 946 324 953 
477 330 314 320 514 465 294 450 616 412 232 522 444 573 335 570 435 747 325 768 435 947 324 945 
476 326 312 323 507 465 300 454 596 417 244 527 444 571 334 570 434 744 326 765 438 947 324 943 
474 323 310 324 504 464 297 457 584 419 231 526 444 570 334 570 434 745 326 765 445 948 324 943 
473 321 308 325 505 464 293 460 580 413 222 519 444 570 334 570 434 744 326 765 445 948 326 943 
473 321 308 325 505 463 294 460 579 407 218 515 444 570 334 570 434 740 326 765 445 947 327 942 
473 320 308 326 506 462 296 461 578 406 218 515 444 570 334 570 434 740 326 764 445 947 327 941 
473 319 308 327 506 462 299 461 576 410 219 517 444 570 334 570 441 757 326 764 445 947 327 941 
473 318 308 327 506 461 300 460 575 413 221 519 443 569 334 569 443 762 326 764 445 946 326 941 
473 318 308 327 506 461 298 460 575 413 220 515 443 569 334 569 446 765 326 764 445 947 327 941 
473 318 308 327 507 460 297 460 576 408 216 509 444 568 334 569 442 748 326 762 444 945 327 939 
473 320 308 327 514 459 286 458 574 392 220 476 444 569 334 569 439 740 330 746 444 944 327 938 
474 321 309 325 524 458 272 451 537 382 248 435 444 569 334 569 437 739 331 743 439 942 327 933 
475 321 309 325 527 459 260 452 482 389 300 419 444 571 334 570 436 740 331 745 439 943 327 936 
475 323 309 324 526 465 261 453 466 389 334 416 444 580 333 577 435 741 332 747 439 944 328 938 
475 325 309 322 525 471 260 454 487 400 319 407 444 582 333 578 434 741 334 747 439 952 330 946 
476 328 309 322 524 471 261 454 507 399 296 393 445 582 333 579 439 765 332 761 437 956 330 946 
477 328 310 322 521 468 262 454 562 398 236 391 445 581 333 578 439 755 332 764 437 955 332 946 
477 327 310 323 513 468 265 456 585 400 202 404 447 581 334 578 444 763 332 766 438 953 332 946 
477 327 310 323 506 465 279 458 591 413 199 420 448 576 334 575 447 762 332 766 440 953 332 946 
477 326 310 323 504 461 288 460 593 418 199 433 449 576 334 575 445 753 332 765 441 951 333 946 
476 325 310 324 504 461 288 461 593 418 202 437 449 575 334 575 443 751 331 767 442 951 333 948 
476 325 310 324 504 461 286 461 591 414 202 433 449 575 334 575 441 750 331 767 442 951 333 948 
476 324 309 324 505 461 286 461 586 412 202 429 449 575 334 575 445 761 330 768 442 951 333 948 
476 324 309 324 505 461 285 460 584 411 205 429 449 576 334 576 447 765 330 768 443 951 331 948 
475 324 309 323 505 461 286 458 569 411 208 441 448 577 334 577 448 767 331 768 446 951 331 948 
474 326 309 320 500 461 284 452 552 415 234 444 447 579 334 578 450 769 333 769 452 950 333 948 
468 331 309 318 486 465 272 441 533 427 252 434 443 580 334 579 446 746 337 744 452 947 342 948 
455 334 311 317 454 471 261 442 512 444 283 404 438 580 335 578 447 758 348 764 451 945 356 948 
435 334 323 305 426 470 267 434 479 482 361 351 428 578 339 575 438 736 359 777 434 941 360 960 
429 333 325 301 436 463 309 425 475 490 407 331 424 571 341 566 435 724 363 739 428 927 365 954 
416 328 329 301 415 450 332 418 464 484 434 335 417 564 344 562 429 724 370 732 423 923 364 948 
409 324 328 300 414 450 340 419 454 487 445 341 416 563 345 562 427 726 370 731 424 925 365 947 
406 322 327 300 412 448 339 422 460 480 447 349 415 564 344 563 427 727 368 736 423 927 370 950 
407 322 326 300 416 449 332 423 466 476 433 354 415 565 344 563 425 726 367 736 422 923 372 947 
413 325 325 301 416 448 322 424 467 473 413 354 417 564 343 562 427 722 365 734 422 923 371 947 
416 332 316 303 421 463 282 437 471 471 372 368 424 578 344 583 440 767 365 744 444 937 370 956 
429 332 307 309 442 470 247 443 511 457 318 398 434 581 343 587 452 768 364 771 459 939 369 956 
459 332 305 318 486 468 240 444 533 443 249 457 444 583 341 587 456 774 356 766 459 945 351 955 
471 329 306 326 522 461 252 441 545 418 234 473 447 582 340 586 454 766 351 765 456 947 346 951 
476 325 307 332 546 456 279 451 537 373 227 489 451 582 340 585 453 762 344 767 454 947 341 949 
475 319 323 332 540 442 314 459 523 349 237 498 451 568 344 572 453 763 345 771 454 931 343 940 
470 310 353 330 521 427 349 447 457 324 271 485 450 562 359 568 449 762 350 766 448 921 353 934 
467 308 360 331 492 432 362 452 405 352 311 507 449 566 367 571 440 773 351 768 434 930 358 935 
465 308 370 331 479 435 363 461 382 366 318 503 448 566 378 571 440 770 352 766 432 928 360 928 
464 309 374 330 472 436 374 459 373 371 337 496 448 563 379 567 423 734 354 757 429 920 360 925 
464 309 374 329 474 436 372 458 385 373 334 502 449 564 379 567 423 731 354 757 430 919 360 923 
465 310 372 330 474 437 373 459 399 381 333 499 449 568 378 572 422 735 355 747 430 924 360 929 
467 310 369 334 475 438 364 470 410 389 280 503 451 576 376 582 439 770 357 769 442 928 363 938 
469 311 366 334 481 457 358 468 454 468 264 509 451 585 372 584 446 776 357 777 444 923 364 937 
473 311 358 333 502 451 348 467 501 571 274 536 452 584 363 582 446 778 355 776 441 925 364 937 
481 315 339 333 512 462 318 466 534 601 276 562 453 583 352 581 445 747 353 741 442 929 361 933 
484 320 325 333 522 461 297 467 545 590 276 593 454 580 348 581 444 738 353 746 444 927 360 930 
485 324 319 328 519 460 285 466 548 580 265 576 453 579 342 580 444 738 351 756 444 927 356 930 
484 325 316 325 515 460 272 465 544 578 253 578 453 579 339 580 445 765 347 751 446 930 348 936 
482 328 313 324 511 465 261 465 534 584 242 593 450 581 338 581 444 757 346 751 446 933 344 942 
482 330 311 324 504 470 256 465 528 587 249 604 449 584 337 586 444 756 344 780 447 940 343 952 
479 330 309 323 499 471 247 448 524 587 256 559 446 580 336 582 444 767 346 778 447 939 346 952 
475 330 304 322 499 470 238 428 523 586 290 448 446 579 337 582 444 755 345 785 444 940 346 952 
471 328 305 316 500 461 246 415 522 577 312 375 443 570 333 571 443 736 341 756 442 941 345 949 
462 321 301 314 503 438 247 404 504 538 327 307 440 566 332 569 443 729 340 747 441 947 346 948 
458 321 299 315 505 430 263 416 479 420 343 361 439 567 331 570 444 731 338 747 450 941 343 947 
459 321 300 318 507 434 264 448 455 372 352 409 439 575 329 576 444 758 336 759 452 941 343 946 
461 322 302 318 507 436 265 446 448 363 341 415 439 575 329 575 444 769 332 764 452 945 339 946 
465 324 302 318 507 450 264 439 430 396 333 404 439 577 329 576 445 773 331 767 453 946 336 946 
466 326 306 318 508 451 258 425 432 426 329 353 440 577 330 576 444 772 329 768 452 945 333 945 
466 325 307 319 508 445 259 426 434 462 331 338 441 577 331 576 444 772 329 756 449 946 334 946 
467 325 307 319 508 442 271 439 440 441 347 373 442 577 331 576 444 770 330 761 448 944 332 946 
468 325 308 319 507 444 275 448 443 410 371 430 444 578 333 577 449 771 331 767 451 944 333 946 
469 325 309 319 508 444 277 447 444 391 362 459 446 578 337 576 451 772 340 770 453 945 342 946 
470 325 311 319 508 443 277 441 446 402 357 447 446 579 338 577 448 755 340 770 452 939 342 942 
470 327 311 319 506 443 276 440 453 453 354 428 446 584 339 581 448 774 340 779 449 946 342 950 
471 328 310 319 509 452 278 446 469 512 353 412 447 583 339 581 447 753 341 764 446 946 343 950 
472 328 310 319 511 456 278 451 487 547 345 415 447 579 339 579 445 737 341 754 442 945 343 949 
473 329 311 321 510 457 269 450 511 569 320 503 448 582 339 582 445 772 345 774 442 946 345 951 
475 329 311 321 505 457 269 451 526 573 280 565 445 575 335 575 440 740 344 771 439 934 345 940 
476 329 311 323 504 462 269 466 533 585 249 615 445 577 335 579 440 772 343 779 439 935 345 940 
476 329 309 323 504 462 265 466 535 580 229 588 444 577 332 580 437 754 343 761 439 935 341 941 
475 329 307 323 504 463 261 464 542 585 223 585 443 577 331 580 437 774 339 771 439 937 339 943 
475 329 306 324 504 466 258 469 541 594 222 594 442 579 329 582 436 786 335 781 438 942 337 949 
475 329 306 325 502 466 259 468 534 595 233 590 441 582 329 584 435 758 334 784 438 942 337 949 
474 329 305 325 500 466 259 467 530 593 244 593 441 582 329 584 434 748 334 783 438 942 337 949 
474 329 305 325 501 464 260 457 504 575 260 566 441 579 329 583 435 733 339 775 438 938 340 943 
473 328 304 326 502 465 259 459 453 460 300 482 441 581 329 584 441 762 336 776 442 943 335 947 
472 328 304 327 508 467 258 461 459 407 304 412 441 581 329 582 438 750 335 754 439 943 335 945 
472 327 304 327 513 468 257 464 462 398 300 390 442 582 329 582 439 765 331 760 439 948 335 947 
471 326 305 326 517 468 256 466 454 397 300 392 442 582 329 582 437 752 331 754 439 948 335 947 
470 325 305 325 517 468 255 466 456 402 300 394 442 582 329 582 436 746 331 752 438 947 335 945 
470 325 305 325 520 468 255 466 459 395 303 387 442 582 329 581 435 743 331 752 438 947 335 944 
471 325 305 325 519 471 256 466 462 394 302 374 442 583 329 581 435 743 329 758 437 947 334 944 
472 325 306 326 519 472 257 466 469 395 292 375 442 583 329 581 436 761 329 753 436 948 333 944 
475 326 306 326 516 475 257 466 482 399 277 382 442 584 329 581 437 770 330 751 436 950 333 947 
476 327 306 327 513 477 258 466 494 408 269 390 442 586 329 582 438 778 330 773 436 957 333 954 
476 327 306 327 510 478 259 466 500 410 267 396 442 587 329 583 439 779 330 765 437 959 333 957 
476 327 306 327 507 478 260 466 503 411 265 398 442 588 329 584 441 780 330 760 439 960 331 958 
476 327 306 327 505 478 261 466 503 412 266 400 442 588 329 584 442 779 331 756 440 960 331 958 
477 327 306 327 504 478 263 466 505 410 265 399 442 588 329 583 442 779 331 752 441 960 331 958 
477 327 305 327 504 478 265 466 506 405 260 400 442 587 329 583 442 778 331 751 442 960 332 958 
477 327 306 326 504 474 265 464 511 405 244 398 442 585 328 581 442 777 331 748 441 960 331 957 
477 327 306 326 507 471 262 459 524 403 229 370 442 584 328 581 442 777 331 749 439 960 329 957 
476 327 305 324 507 466 253 451 535 404 231 338 443 580 329 580 438 754 331 749 439 960 330 956 
476 327 305 324 504 465 252 449 537 413 228 335 443 580 330 580 443 760 332 750 439 960 332 957 
476 327 307 324 505 465 252 449 540 409 215 350 444 580 330 580 443 762 329 764 439 960 331 956 
476 327 306 324 517 462 259 452 547 375 205 386 444 581 330 581 443 765 329 770 439 958 330 955 
476 327 307 324 527 457 268 455 544 353 206 407 444 581 330 581 443 766 329 770 440 956 331 953 
475 327 307 324 528 455 270 456 548 349 208 401 444 581 330 580 444 766 330 763 440 956 331 952 
475 327 307 324 528 456 268 455 551 362 212 377 444 581 330 580 439 752 331 758 439 956 331 952 
475 327 307 324 514 459 264 455 549 397 213 364 444 581 330 582 440 762 330 769 439 958 331 953 
475 327 307 324 510 464 264 455 548 401 215 363 444 581 330 582 441 766 330 763 439 959 330 953 
475 327 307 324 511 464 265 455 547 387 209 379 444 582 330 582 441 767 330 767 438 958 330 952 
475 327 307 323 513 462 274 456 543 375 211 411 443 581 329 580 440 767 331 762 437 954 331 947 
475 327 307 323 514 462 278 456 543 372 212 419 443 580 329 579 440 767 331 763 437 953 331 946 
475 327 307 323 512 463 276 457 547 394 213 417 443 580 329 579 440 767 330 764 437 952 330 946 
475 327 307 323 506 463 275 458 547 443 213 421 443 580 329 579 436 752 331 757 437 952 331 948 
475 328 307 324 502 462 275 458 549 480 214 439 442 579 329 578 436 762 332 753 437 952 332 949 
475 328 309 324 503 463 276 455 540 535 213 503 442 577 329 578 436 775 338 779 436 952 337 952 
476 329 309 323 503 471 269 455 533 580 224 570 442 577 329 578 436 785 339 768 436 952 337 953 
477 330 310 323 504 478 269 457 532 584 242 590 442 579 329 580 436 793 338 785 436 956 337 958 
476 330 310 323 503 477 272 459 533 548 256 576 441 579 329 580 436 790 338 784 436 956 337 959 
476 330 310 323 504 476 275 458 536 551 262 573 441 579 327 580 435 788 338 758 434 952 337 956 
476 330 309 323 505 476 276 459 536 580 262 583 440 579 327 579 435 787 338 746 433 950 336 954 
476 330 309 324 506 477 276 462 531 602 258 603 440 579 327 580 435 787 338 746 433 949 336 953 
475 327 309 324 505 460 274 456 520 573 255 572 441 575 327 576 434 742 338 737 432 947 336 944 
474 326 309 324 504 458 270 445 516 584 258 551 440 574 327 574 431 732 338 734 426 943 336 941 
474 326 310 325 502 459 260 446 519 591 262 426 440 574 327 574 431 753 337 735 427 944 335 941 
474 324 310 325 502 460 237 432 521 589 264 319 439 571 328 572 431 762 330 752 429 950 335 942 
474 322 312 325 505 459 230 395 537 586 274 266 438 570 328 571 430 767 329 760 429 953 337 943 
474 321 313 325 508 458 231 377 544 586 278 253 438 568 328 570 430 768 329 762 429 955 337 943 
474 320 313 325 507 456 232 371 543 583 283 253 438 568 328 570 430 770 329 765 430 955 338 943 
474 319 314 324 507 456 233 370 536 586 288 253 437 566 328 568 429 769 331 749 429 953 339 941 
474 319 316 323 504 456 234 370 531 589 291 254 437 564 328 564 428 742 333 742 427 950 339 938 
474 319 318 321 504 456 236 372 527 588 291 258 437 562 328 560 427 736 333 740 425 949 338 938 
474 319 318 321 504 456 236 374 527 587 292 259 437 561 329 559 427 736 334 739 425 949 338 937 
474 319 319 320 504 456 236 375 527 587 293 253 437 561 329 560 426 739 334 740 425 951 338 938 
474 319 319 320 504 456 237 375 527 588 294 251 437 561 329 560 426 741 335 741 425 954 338 940 
474 319 319 320 504 456 237 375 527 587 295 252 436 561 329 560 426 739 335 741 427 954 339 940 
474 318 319 320 504 456 236 376 527 588 294 253 436 561 329 560 426 740 335 742 427 954 339 940 
475 318 319 320 504 458 235 377 527 588 294 255 437 561 329 561 426 741 331 751 427 953 338 940 
475 318 319 320 504 459 235 377 527 589 293 256 437 561 330 561 426 741 331 750 427 954 337 940 
475 318 319 320 504 459 235 377 528 589 293 256 437 561 330 561 426 742 332 750 427 955 337 941 
475 318 319 319 505 459 235 378 528 589 294 254 437 561 330 561 426 742 333 750 427 955 336 941 
476 318 319 318 505 460 235 380 528 589 293 256 437 562 330 561 426 742 333 749 427 955 335 943 
476 318 319 318 505 460 237 403 528 589 292 285 438 562 331 561 426 742 334 748 427 955 334 943 
477 320 319 320 505 464 242 435 528 591 295 348 439 566 331 565 426 743 334 749 428 955 333 943 
478 322 318 323 505 464 256 452 528 590 293 432 440 569 331 571 426 744 336 749 428 949 330 943 
480 325 318 328 505 465 260 456 529 590 284 513 443 574 332 574 427 744 336 763 428 943 331 943 
480 326 318 328 505 466 268 452 529 590 263 552 445 574 333 574 427 743 337 766 430 941 333 941 
480 327 317 327 505 466 274 459 529 591 253 574 447 576 333 577 428 743 337 768 432 941 334 940 
481 328 315 327 506 468 277 465 530 592 250 588 447 577 334 579 429 743 339 769 432 939 335 940 
481 328 314 327 506 469 278 466 530 593 253 597 448 578 334 581 429 746 339 772 433 940 337 941 
480 328 313 327 506 469 280 461 530 593 256 582 448 578 334 580 429 746 339 753 435 937 338 938 
480 328 312 327 506 469 280 463 530 595 257 591 448 579 334 581 429 746 339 752 434 938 338 940 
480 328 312 326 505 469 278 463 522 599 259 589 447 579 333 581 429 746 339 753 435 938 338 941 
480 328 312 326 504 469 276 462 516 600 260 587 444 579 331 580 429 746 339 750 435 939 337 941 
480 328 312 326 503 470 276 462 517 601 259 591 442 579 330 580 429 747 339 749 434 940 335 941 
479 328 311 326 503 470 275 463 519 600 258 589 442 579 329 580 429 747 336 759 433 941 334 941 
478 327 311 326 503 469 276 462 518 600 258 590 442 579 329 580 429 747 336 750 433 943 333 942 
478 327 310 326 502 470 276 462 517 601 259 591 442 582 329 581 429 747 336 750 433 949 332 947 
478 328 310 327 502 470 276 467 518 600 259 601 442 582 329 583 429 749 336 769 433 949 333 947 
478 328 310 327 502 470 275 468 519 600 259 603 442 582 329 583 429 749 336 773 433 949 332 947 
477 328 310 327 502 471 275 469 519 601 259 604 442 582 329 584 429 750 336 776 434 949 333 948 
477 328 310 327 502 471 275 468 519 601 259 601 442 583 329 585 429 750 335 778 434 950 333 949 
477 328 310 327 502 471 275 468 519 601 259 603 442 583 329 585 430 750 336 778 434 949 333 948 
477 329 310 326 502 471 274 468 520 601 260 603 442 583 329 585 430 750 336 777 434 947 334 948 
476 329 309 325 501 471 272 468 523 600 260 607 442 583 329 584 431 751 337 779 434 947 335 949 
473 330 309 324 498 472 272 468 523 599 265 607 442 583 330 585 435 750 341 782 436 947 337 949 
464 331 311 322 487 472 274 468 523 598 274 606 442 583 337 585 436 773 344 782 435 944 338 949 
453 332 311 320 479 474 279 471 522 597 286 611 442 586 343 593 438 783 349 790 436 946 344 959 
440 338 316 317 469 481 286 476 520 599 305 626 439 591 354 603 438 774 358 797 436 947 354 967 
426 343 327 317 448 491 303 480 497 600 332 627 430 602 362 614 438 793 361 810 436 956 356 982 
401 338 340 313 420 478 326 479 444 587 363 624 419 601 370 610 439 791 377 808 439 958 369 990 
385 329 353 311 412 474 348 476 429 586 404 622 401 599 381 608 434 796 395 810 437 975 386 999 
376 326 360 312 404 473 376 478 426 587 432 621 389 598 386 606 425 803 402 811 428 997 396 1003 
377 326 363 312 410 473 393 480 438 588 465 622 386 599 390 605 417 806 405 816 425 998 400 1012 
376 326 362 312 398 475 399 480 422 598 482 605 391 599 393 600 414 805 407 814 422 997 399 1016 
376 325 359 312 397 475 395 481 431 600 493 601 393 598 393 597 415 808 412 819 423 1004 403 1023 
381 325 357 313 404 475 382 480 435 594 492 602 399 598 390 597 430 807 411 817 433 1000 401 1016 
409 325 354 308 431 474 371 469 456 588 456 603 421 600 389 604 451 806 406 818 455 999 399 1012 
429 325 341 307 448 474 334 465 480 586 376 598 438 594 377 599 451 778 386 783 458 968 387 991 
465 325 330 315 486 470 295 466 539 567 294 598 455 593 366 596 460 787 370 773 469 967 380 975 
477 323 326 320 524 443 276 465 603 533 224 588 463 587 357 590 458 787 363 763 464 960 361 967 
489 323 324 325 562 446 263 466 640 539 183 583 469 587 355 589 460 788 360 760 462 957 355 966 
496 324 326 330 571 450 266 466 650 549 180 580 470 587 354 589 458 792 355 762 460 958 344 966 
500 324 329 333 555 451 281 465 618 551 221 563 468 587 353 588 457 792 354 758 456 958 348 962 
501 322 343 335 534 449 311 465 544 563 250 554 469 589 354 588 456 794 354 773 453 958 351 963 
494 316 365 334 511 450 351 469 436 565 309 558 466 582 364 580 453 758 356 758 441 952 351 957 
488 314 384 333 473 456 366 466 352 569 316 549 462 580 375 577 447 763 356 765 428 951 353 959 
485 312 394 333 452 457 381 466 329 569 321 553 456 579 382 578 438 773 361 775 422 952 363 961 
483 312 399 332 446 463 397 466 324 582 432 574 448 578 387 578 436 773 365 775 417 953 365 961 
481 311 392 332 451 465 380 466 340 594 428 573 444 578 385 578 434 776 365 776 412 955 363 961 
481 310 387 331 457 465 373 467 381 605 375 571 445 580 384 578 435 778 364 777 415 955 363 961 
481 311 380 331 478 464 368 467 450 602 373 571 450 581 370 579 439 778 364 782 423 955 363 961 
486 313 351 331 516 464 329 462 537 598 298 553 454 581 356 580 439 779 352 766 424 955 351 957 
488 316 331 331 541 454 287 457 603 570 221 544 455 581 345 580 439 783 345 758 425 956 332 957 
488 320 320 329 550 453 249 456 631 561 156 549 457 581 342 580 440 784 345 773 427 956 331 958 
487 324 314 327 539 458 233 452 619 562 140 548 457 582 340 584 440 790 346 765 429 959 332 964 
479 328 311 325 528 461 236 451 580 564 152 553 454 582 341 585 443 791 347 757 440 959 340 969 
465 333 313 322 490 475 257 452 549 578 191 560 447 580 343 583 443 785 355 774 440 950 343 968 
432 335 317 317 430 475 281 446 457 578 306 564 431 580 344 585 444 784 371 795 446 951 372 979 
418 335 319 314 430 475 328 451 467 571 410 566 423 593 355 600 449 791 389 811 448 965 386 991 
412 335 319 312 429 478 352 452 479 570 476 562 420 590 354 597 447 788 385 805 443 964 379 990 
403 335 320 309 424 477 356 452 486 559 494 544 415 588 354 595 445 787 382 775 441 964 377 990 
403 334 320 307 414 477 349 453 481 553 484 539 415 588 353 594 437 787 380 769 431 964 375 996 
409 337 319 307 419 478 341 453 469 556 456 552 415 591 353 596 438 789 380 802 432 967 374 999 
413 338 319 308 417 477 322 457 456 558 417 571 417 595 353 600 435 759 379 795 444 963 384 997 
417 337 316 308 423 479 292 454 464 582 296 577 418 592 349 595 434 761 369 796 444 951 376 980 
429 337 309 312 457 479 263 458 512 589 213 585 420 587 340 589 434 766 363 767 438 946 355 972 
443 336 300 319 480 476 240 459 548 586 170 584 428 586 333 588 433 764 354 766 444 948 345 970 
455 334 298 322 499 473 237 460 560 584 166 582 431 586 326 589 433 783 346 765 443 948 330 970 
462 332 298 323 505 470 240 461 559 584 173 582 433 586 323 588 432 787 343 762 443 948 329 965 
466 330 300 324 503 466 252 462 544 584 214 582 433 585 321 586 430 751 337 748 437 945 328 952 
468 328 301 324 496 464 267 459 519 597 215 575 433 580 321 577 428 740 333 743 427 937 328 933 
471 328 302 327 492 470 282 459 480 609 247 573 430 584 321 578 421 762 329 745 416 939 321 937 
471 327 304 327 489 473 290 459 461 606 255 570 431 586 322 579 421 744 325 746 416 940 322 937 
472 327 311 330 489 474 292 459 459 608 256 567 431 591 323 583 421 774 323 749 416 941 324 939 
472 327 313 331 488 479 291 463 463 618 247 568 431 594 324 584 421 782 323 749 416 942 324 941 
473 327 314 332 489 480 290 463 470 616 245 568 431 594 324 584 421 784 324 748 416 945 325 942 
474 326 314 332 493 479 290 462 471 614 247 565 432 586 325 578 421 748 326 739 417 940 325 935 
474 325 314 332 497 475 291 463 493 614 251 568 434 579 326 575 424 739 327 735 419 941 326 936 
475 325 314 332 500 471 291 463 507 610 252 570 439 579 327 575 425 740 327 735 420 941 326 936 
476 324 313 332 502 469 290 463 514 610 252 573 441 579 328 575 426 739 327 736 421 942 327 936 
477 324 313 332 505 469 287 466 520 609 252 581 444 580 329 576 427 740 328 737 422 942 327 937 
478 324 312 332 506 469 284 466 522 608 250 583 444 580 329 576 427 740 330 738 424 944 327 940 
478 325 312 331 506 467 277 456 523 602 252 557 444 580 329 576 428 738 331 738 426 944 329 940 
478 325 311 331 506 467 274 460 521 597 277 451 444 580 329 577 428 739 332 742 426 946 329 945 
478 325 311 331 506 464 267 459 520 591 273 398 444 580 329 577 429 735 333 741 427 951 330 945 
478 325 313 330 505 464 264 456 509 591 272 372 444 580 329 577 430 734 332 741 427 950 330 945 
478 326 313 325 506 463 266 443 491 576 271 408 444 579 330 575 431 730 332 734 424 944 332 942 
477 330 313 325 507 460 267 444 477 513 281 434 444 582 330 579 430 768 332 736 422 940 333 944 
476 330 310 323 507 464 269 438 470 425 280 444 444 579 330 578 431 757 332 736 432 940 332 943 
476 329 308 321 505 465 272 437 477 400 281 448 444 579 330 577 432 752 332 737 436 941 331 942 
475 328 306 321 501 463 276 439 481 414 282 452 444 578 330 577 440 765 333 740 443 941 331 942 
472 328 306 323 496 458 277 454 479 431 279 465 443 580 331 581 442 771 335 743 447 940 331 944 
472 328 306 323 492 456 277 454 480 443 252 440 441 582 330 582 443 774 335 745 447 941 331 948 
471 328 305 323 492 458 277 461 480 450 255 390 441 583 330 584 442 778 335 747 447 951 332 956 
470 328 305 324 491 455 267 461 481 449 259 374 440 582 328 583 442 777 334 747 445 953 333 956 
468 328 305 321 491 456 259 459 481 435 259 399 439 583 327 583 442 778 331 753 442 952 328 955 
468 330 305 319 488 464 256 443 474 403 259 407 439 583 327 583 440 756 330 752 442 952 327 954 
470 327 306 315 489 464 258 425 471 369 262 409 439 581 327 580 440 764 329 751 441 952 324 951 
468 325 306 314 497 457 260 426 467 350 262 410 439 577 326 577 437 744 329 743 441 950 324 944 
465 321 303 315 501 453 260 428 457 372 265 412 439 576 326 577 437 744 330 744 443 950 333 944 
465 322 302 316 498 453 261 442 459 380 267 414 438 576 326 577 437 744 330 745 443 948 333 942 
460 320 300 316 494 454 261 449 460 405 311 387 438 576 325 577 437 754 330 747 442 947 331 942 
460 320 301 316 490 451 260 441 450 418 349 369 438 576 324 577 436 745 328 746 441 943 326 938 
460 320 301 314 488 451 258 426 420 408 390 381 437 576 324 576 434 745 327 747 440 943 322 939 
460 321 301 314 485 448 258 423 423 410 396 385 437 577 324 576 434 765 326 751 440 943 318 947 
460 322 301 314 485 455 258 425 409 403 393 396 437 580 324 578 433 759 326 753 437 943 319 945 
460 320 301 313 485 447 257 421 394 372 402 397 438 578 324 576 433 750 327 752 439 942 320 943 
459 317 301 312 488 427 257 421 369 350 399 398 438 577 324 576 434 745 327 751 441 941 324 943 
458 314 301 313 492 418 258 423 376 366 392 399 438 577 324 576 435 745 330 767 442 941 332 943 
458 315 300 317 495 423 258 432 383 373 388 400 439 580 324 580 437 764 330 773 442 941 334 944 
459 316 299 319 507 424 245 439 392 383 357 404 439 582 324 583 438 772 330 777 444 941 333 945 
461 318 299 320 515 443 237 446 422 388 281 396 439 583 324 583 438 760 329 777 444 948 333 947 
466 323 302 322 515 465 235 445 453 396 242 356 439 583 324 583 437 756 329 770 441 953 332 950 
469 328 304 322 514 472 235 445 467 392 235 329 440 583 325 582 440 769 329 761 440 955 329 952 
477 327 306 322 514 470 235 445 496 377 231 322 441 583 326 582 442 775 330 760 440 957 327 953 
478 327 309 321 530 463 236 446 525 326 227 321 446 581 332 579 450 774 331 768 445 957 336 955 
482 327 317 322 550 453 247 454 541 318 216 330 453 573 337 575 451 772 334 768 445 951 335 952 
492 326 322 325 563 452 267 459 545 325 216 438 458 573 342 569 463 781 342 776 459 953 335 961 
495 326 327 325 559 448 283 458 545 393 339 433 464 571 354 570 470 784 352 780 462 954 338 962 
503 326 335 327 553 448 295 464 595 520 290 563 470 579 360 578 467 792 358 788 459 955 341 965 
509 326 341 328 550 450 315 464 604 541 292 581 479 581 364 580 466 789 364 785 459 953 359 956 
514 325 348 329 553 450 327 464 600 554 302 581 484 581 369 579 467 750 365 754 458 950 363 949 
520 325 351 330 560 453 330 465 605 562 306 588 487 584 373 581 467 748 366 749 459 949 366 945 
522 325 355 329 560 457 333 465 600 573 305 585 488 584 374 581 467 742 365 748 460 947 366 941 
524 326 358 330 559 464 329 465 591 574 298 566 487 584 373 581 469 770 368 758 462 947 366 942 
521 326 357 330 557 463 322 458 591 569 254 565 486 583 373 581 470 779 370 768 463 949 368 946 
519 328 354 330 557 463 282 439 613 555 171 472 484 583 371 582 470 784 369 784 463 950 366 954 
511 329 343 330 563 462 239 418 639 548 114 391 484 583 371 583 469 783 360 786 463 945 359 957 
499 330 328 330 573 446 220 403 676 511 110 349 475 581 363 583 461 782 347 784 455 946 341 960 
489 329 317 328 581 424 214 405 706 433 104 353 462 573 348 574 449 748 343 758 447 947 337 959 
481 329 311 324 584 406 219 413 700 354 105 397 441 567 331 562 439 737 331 740 430 942 323 943 
472 329 305 321 585 404 230 423 683 305 125 476 427 568 314 564 428 743 316 738 422 953 304 944 
459 329 299 319 578 410 237 436 676 326 141 526 415 569 304 566 421 746 308 738 418 973 292 948 
451 331 292 318 544 421 237 436 672 365 145 509 411 566 297 561 415 747 306 739 409 969 294 948 
442 331 278 318 502 439 219 433 611 474 117 479 412 566 295 564 414 748 302 742 403 967 296 960 
436 331 271 318 480 461 190 427 552 541 67 415 411 568 298 571 413 769 302 745 409 957 299 962 
430 330 266 318 466 461 174 422 530 564 54 374 410 572 298 579 412 776 299 774 411 954 298 962 
429 330 263 319 471 460 179 422 551 539 74 375 408 572 297 579 405 754 300 758 410 949 297 962 
431 329 265 320 486 457 192 438 614 465 87 411 404 573 292 578 405 766 297 755 407 954 287 963 
435 329 268 322 505 448 219 443 629 410 108 488 405 573 290 578 407 771 295 747 409 954 285 959 
438 329 271 324 518 442 239 453 632 398 155 520 407 576 292 580 408 781 296 773 410 965 289 961 
439 328 272 326 520 442 246 455 630 418 150 499 408 569 292 574 413 777 299 753 415 953 290 950 
444 326 277 330 517 446 241 456 618 476 139 454 418 573 305 581 422 776 317 774 425 947 317 950 
451 325 285 331 505 446 239 454 574 528 135 400 434 575 324 585 431 777 328 783 435 947 334 956 
458 323 295 331 503 446 237 453 558 535 139 387 447 575 338 584 442 744 345 762 444 947 351 956 
472 323 308 333 528 454 256 454 597 513 147 400 455 578 345 584 447 759 348 773 447 944 349 956 
484 322 319 333 544 451 296 458 597 443 189 436 464 577 350 583 462 762 357 750 462 945 357 950 
496 321 333 333 566 449 321 465 611 396 227 470 471 577 357 580 472 770 362 748 470 952 359 950 
505 320 344 334 574 448 330 467 623 391 233 464 481 577 369 580 477 772 369 761 473 951 369 947 
514 320 352 336 572 448 339 469 624 414 258 438 490 582 377 583 481 753 375 758 481 950 376 947 
520 321 360 337 567 446 338 470 620 425 267 420 497 587 386 588 489 769 380 777 487 952 378 956 
527 322 367 338 576 447 344 470 623 419 273 421 502 586 391 587 487 752 382 764 490 952 376 956 
534 323 376 338 586 450 362 470 621 412 288 443 504 586 394 587 495 772 384 756 491 955 375 957 
534 324 379 338 591 452 374 469 609 401 311 464 506 586 395 587 498 781 384 755 492 955 377 957 
539 325 381 340 590 459 371 473 602 402 316 459 509 588 399 587 502 787 390 775 497 956 383 957 
540 325 381 340 590 465 361 475 591 408 324 430 509 591 399 590 501 789 391 780 496 962 385 959 
543 329 378 340 595 472 350 474 555 410 339 388 509 595 399 592 498 768 388 774 493 963 384 959 
541 333 381 341 591 482 341 471 533 382 368 364 510 608 400 601 499 788 387 786 495 968 383 964 
538 333 379 340 590 477 340 467 523 357 384 365 512 606 401 599 501 790 386 775 497 969 383 966 
537 333 377 340 589 472 340 465 524 345 388 364 513 604 400 598 500 762 385 768 497 969 384 966 
535 333 376 340 588 472 339 465 518 350 390 363 513 602 400 598 500 755 390 781 501 968 389 967 
531 333 375 342 584 471 336 466 515 350 384 368 512 607 400 604 500 783 389 778 500 968 388 970 
527 333 374 342 579 471 334 469 511 347 378 371 512 610 399 605 499 791 387 786 497 970 382 970 
524 333 369 342 578 471 330 472 503 354 377 382 505 609 395 605 493 793 381 786 489 970 371 970 
519 330 358 342 577 471 319 473 503 392 358 484 495 609 384 604 482 792 373 774 474 967 363 966 
514 331 347 338 562 467 304 465 502 450 314 559 480 600 368 595 474 792 365 765 467 967 365 965 
503 331 335 329 541 466 287 465 504 542 276 583 469 590 354 588 458 759 354 756 453 960 356 960 
487 329 322 320 520 455 280 451 510 535 256 559 452 575 341 574 444 735 344 731 443 952 353 950 
471 328 306 317 493 451 266 446 505 531 243 551 438 572 325 571 437 738 332 733 441 949 348 944 
461 328 295 315 479 452 251 445 505 542 231 552 430 573 316 571 434 756 329 738 439 949 342 944 
446 329 280 317 464 456 230 454 491 540 209 582 417 573 308 574 429 778 324 741 438 950 324 951 
429 329 268 318 452 446 217 455 466 515 202 569 403 576 296 575 415 778 308 741 423 950 314 952 
423 328 258 319 449 440 205 453 453 514 219 554 402 576 292 577 414 777 305 742 422 946 315 952 
419 327 255 319 448 439 192 451 444 505 232 514 401 577 292 578 418 776 308 741 425 945 319 952 
420 326 253 319 460 436 181 444 445 496 235 490 400 578 290 578 413 776 311 769 422 945 321 953 
425 323 254 320 478 420 159 422 453 485 231 489 403 573 291 576 413 753 313 771 421 942 319 951 
428 319 256 317 512 391 146 380 460 464 210 471 407 559 295 565 414 739 314 740 420 927 320 936 
431 315 258 316 534 371 141 356 474 441 204 449 410 554 295 563 416 736 314 733 421 924 321 931 
433 314 261 316 544 376 149 362 457 442 225 446 411 553 297 563 416 737 314 735 423 928 322 935 
433 315 263 316 548 382 157 371 459 440 235 441 412 556 299 565 415 739 315 737 424 928 321 936 
435 315 264 316 555 383 159 371 461 436 235 433 413 557 299 565 415 741 315 737 424 934 321 937 
437 315 264 316 562 382 160 373 462 436 239 432 414 558 300 565 415 743 316 740 425 940 320 940 
438 316 265 316 563 382 161 371 463 436 242 432 415 559 300 566 415 743 316 740 425 940 320 940 
439 315 265 315 564 381 159 369 463 435 248 430 415 559 301 565 415 744 317 742 425 944 319 941 
439 314 265 315 565 373 153 369 462 435 248 427 416 557 301 565 415 743 317 741 425 945 318 942 
438 312 262 315 561 367 146 370 461 435 247 428 416 556 301 564 415 743 317 742 425 943 318 942 
434 310 259 315 559 367 144 372 455 436 240 427 413 554 300 562 415 740 313 739 425 936 312 938 
428 310 253 317 559 368 137 374 454 436 237 429 410 555 297 562 415 757 311 758 425 935 311 939 
423 310 247 318 551 369 129 375 452 437 231 431 404 553 293 559 413 761 305 743 424 935 303 939 
420 310 245 319 542 370 129 375 443 436 230 432 401 553 289 558 410 761 303 737 423 931 302 939 
417 310 244 319 533 370 128 374 442 434 224 433 398 552 287 558 408 760 300 732 422 928 296 937 
417 311 244 319 530 368 131 374 443 433 226 437 398 552 287 557 409 760 300 733 422 927 298 936 
417 311 245 319 531 367 132 372 443 434 226 440 399 552 287 557 409 759 300 751 422 922 299 934 
425 311 248 318 531 367 143 366 443 434 224 439 402 552 288 558 412 739 301 739 423 921 299 933 
435 311 259 317 538 367 156 366 452 434 219 443 412 553 295 559 424 731 309 734 426 921 313 927 
456 311 276 316 553 368 175 368 472 434 220 460 423 556 309 563 434 734 325 734 431 922 332 928 
478 311 296 313 576 370 206 383 491 434 235 481 435 556 322 561 441 731 337 750 432 922 337 928 
498 312 315 312 597 374 229 397 510 435 258 485 449 557 336 560 446 733 343 737 434 930 336 928 
515 315 329 312 620 376 239 405 532 435 272 487 465 562 352 562 457 734 356 737 450 938 349 936 
529 316 343 312 638 380 254 405 548 436 282 484 476 563 361 562 466 735 363 736 459 938 352 936 
541 316 354 311 653 383 270 403 559 436 300 482 483 566 365 561 470 734 363 735 460 938 352 936 
548 316 361 311 659 384 282 404 554 441 316 483 487 569 367 561 472 738 364 735 458 942 352 939 
553 316 366 311 666 384 289 406 559 442 323 487 491 571 371 562 475 742 370 736 463 947 359 942 
556 317 368 311 670 385 292 410 553 448 327 488 492 572 374 563 473 743 375 739 464 948 360 944 
557 317 369 311 674 386 294 413 551 451 333 488 490 574 374 563 471 747 375 742 463 948 362 947 
557 318 372 311 676 386 296 411 554 451 322 487 492 575 375 563 472 746 371 741 462 947 360 946 
554 318 370 311 675 386 295 414 557 450 322 487 494 578 374 565 472 753 371 748 466 954 358 953 
551 318 367 311 671 386 293 418 555 450 323 488 493 579 372 567 472 784 364 753 465 957 353 956 
548 319 365 312 668 386 290 418 556 450 319 488 490 579 370 568 471 790 362 752 464 959 353 958 
545 319 364 313 666 385 287 420 554 444 317 489 490 578 370 567 470 784 362 750 458 949 353 952 
534 319 354 314 654 385 276 424 544 444 310 494 482 577 364 567 454 761 362 747 451 944 352 951 
514 319 338 314 634 384 258 424 532 443 283 493 469 570 353 566 446 747 361 745 447 939 352 951 
498 318 322 315 618 382 240 419 518 443 268 493 457 569 341 566 438 746 356 744 444 936 352 951 
484 318 308 315 606 379 230 413 509 442 256 493 448 565 332 564 436 743 351 739 443 934 352 948 
471 317 295 316 593 376 222 412 499 438 246 493 443 564 327 564 433 742 344 738 440 935 345 945 
466 317 289 318 584 373 212 411 493 435 244 492 442 564 325 566 435 762 340 766 441 939 342 948 
464 317 288 319 582 371 199 405 487 434 239 487 441 563 325 566 437 764 340 748 441 936 342 945 
465 317 290 319 582 370 193 393 485 433 243 473 442 561 327 565 436 740 341 740 442 928 343 937 
468 317 293 320 585 369 197 383 487 433 247 458 444 556 328 562 436 734 344 736 444 925 344 932 
470 317 296 320 589 368 199 379 489 429 248 445 445 557 329 562 437 735 348 736 449 927 349 932 
473 317 298 320 590 368 204 383 491 429 268 445 448 558 333 562 437 736 356 736 454 927 352 933 
473 316 299 321 592 368 206 383 493 429 276 441 451 557 339 562 437 736 360 736 456 927 355 934 
479 316 307 321 602 369 207 381 500 430 283 440 455 559 343 564 438 737 362 736 458 933 357 935 
486 316 314 321 611 369 211 381 507 430 293 439 458 559 347 564 440 737 364 735 458 935 358 935 
490 316 318 321 617 369 216 381 508 431 300 441 462 559 350 564 442 737 368 735 459 937 361 935 
495 316 324 320 620 371 222 379 512 432 301 440 464 559 353 562 445 737 369 734 460 937 361 933 
499 316 328 318 625 372 226 378 518 433 303 438 466 559 354 562 445 737 368 734 460 939 361 932 
505 316 333 318 632 374 232 378 526 433 308 439 469 559 358 561 448 737 371 734 465 940 365 932 
512 317 339 318 638 375 237 375 535 433 312 437 472 563 359 562 454 737 370 736 465 946 364 937 
517 318 345 317 644 380 242 372 537 435 317 438 475 568 361 563 460 737 366 760 465 950 359 941 
523 320 349 317 645 382 246 371 536 437 321 438 478 570 362 564 461 739 360 760 464 950 358 942 
524 322 350 317 646 384 245 369 537 438 321 438 478 570 363 564 461 739 358 759 463 952 354 945 
524 323 348 315 644 384 243 370 535 439 320 438 478 570 362 564 460 739 358 754 463 952 354 945 
522 323 348 315 642 384 243 370 534 439 318 439 476 570 360 564 460 740 357 752 459 951 351 944 
517 323 340 315 638 384 235 371 532 439 317 439 470 570 355 564 456 740 357 751 458 951 350 944 
507 323 332 315 623 383 226 371 516 439 310 440 467 566 352 563 453 738 357 743 457 950 349 943 
498 322 325 315 617 381 216 371 516 438 294 439 463 564 349 562 450 738 356 740 457 948 349 942 
492 322 320 315 613 380 208 371 511 437 281 438 458 564 346 563 447 740 354 742 456 948 348 941 
489 321 317 315 608 378 206 372 508 437 280 438 455 563 342 561 446 740 351 742 456 946 347 941 
486 320 314 316 605 377 204 372 505 436 277 438 453 561 340 561 444 740 350 742 455 946 346 941 
484 320 311 315 602 377 201 372 501 436 279 441 450 561 336 560 442 741 348 742 454 946 345 942 
482 320 309 316 599 376 199 372 501 436 278 442 449 561 334 561 440 741 347 743 452 946 344 942 
479 319 306 316 598 376 197 373 501 438 271 443 447 561 332 562 439 741 345 744 451 944 342 942 
479 319 305 316 593 377 198 373 521 449 246 450 446 559 331 557 436 739 342 738 443 932 341 933 
475 318 300 318 574 389 199 386 519 478 238 488 445 559 328 558 436 734 341 737 441 931 341 933 
473 318 300 318 560 403 202 400 519 509 243 510 443 559 327 558 434 734 341 737 440 926 341 933 
