373 298 209 303 405 416 172 445 434 496 234 517 363 536 253 545 372 735 273 728 388 881 276 900 
405 299 235 304 445 430 201 448 436 517 240 574 380 550 264 554 377 750 283 740 389 905 290 921 
415 300 243 304 444 433 208 448 436 543 221 576 385 553 269 555 382 729 286 732 386 900 293 918 
420 302 248 306 447 440 213 449 447 563 209 581 387 556 273 556 385 725 287 732 385 910 291 921 
424 307 252 309 456 449 218 450 480 572 197 588 391 558 279 561 388 726 292 760 392 917 292 932 
425 308 254 311 458 448 225 451 497 573 201 587 395 558 283 562 389 726 291 756 393 912 291 928 
425 308 257 312 460 446 232 451 503 572 205 578 396 557 284 561 388 723 290 738 393 909 291 909 
426 307 258 313 461 446 231 452 509 573 206 584 396 557 286 561 388 720 291 729 394 908 293 910 
425 307 258 313 469 445 226 448 531 554 166 557 395 557 285 559 389 746 294 755 393 913 292 917 
428 307 259 312 486 437 211 436 581 492 92 484 397 556 285 555 389 751 295 751 390 913 292 921 
427 307 260 311 504 423 185 421 593 376 75 380 398 550 287 549 390 737 293 753 394 917 290 924 
427 306 259 308 512 413 166 403 582 320 78 319 399 543 287 545 390 729 287 752 394 922 286 923 
427 305 259 306 515 410 163 398 577 312 90 308 400 542 287 543 389 726 286 748 394 924 286 923 
426 305 259 305 512 411 167 401 575 317 97 309 400 542 287 543 389 723 289 734 393 923 286 922 
426 305 259 305 509 412 169 403 575 326 100 309 400 542 287 543 389 722 289 733 392 923 285 923 
426 305 259 305 508 413 169 402 574 327 102 306 400 543 287 544 389 722 287 739 391 926 284 927 
427 305 259 304 508 414 169 402 572 327 102 307 401 543 287 544 394 736 288 739 391 928 284 929 
427 305 260 304 510 413 170 403 572 321 95 311 402 543 287 544 393 731 289 735 391 927 284 928 
429 305 261 304 516 411 171 404 573 311 75 332 402 543 288 544 393 729 286 740 391 926 284 928 
429 304 264 304 524 397 193 416 570 280 81 405 403 541 289 540 393 727 288 739 396 922 284 918 
432 303 265 306 537 382 210 431 557 248 87 484 403 539 291 539 392 726 288 743 400 921 284 916 
434 300 267 306 543 362 235 436 540 235 169 530 402 539 291 539 400 744 288 752 403 921 284 917 
435 299 268 308 546 352 242 444 525 226 204 554 402 540 291 541 398 743 288 751 405 922 286 920 
435 297 267 308 545 351 247 442 519 226 220 548 402 539 291 540 397 732 288 743 406 920 287 917 
435 297 267 308 544 355 241 445 519 231 197 560 402 542 291 544 403 751 288 743 407 922 288 923 
435 297 267 308 542 361 238 443 522 235 181 547 402 543 291 545 405 754 288 743 407 925 288 927 
435 299 267 308 540 367 235 443 535 247 148 539 401 543 291 545 404 755 288 748 406 925 282 927 
432 304 266 308 530 401 217 440 591 323 91 486 401 545 290 546 396 739 285 759 400 925 278 930 
431 307 264 308 512 420 191 432 621 424 76 397 401 545 290 546 394 728 287 749 390 923 278 931 
431 310 264 306 484 435 173 413 599 510 88 323 401 549 290 549 391 728 283 760 385 929 279 939 
431 310 263 304 469 451 163 397 548 552 97 281 401 549 289 551 391 745 283 760 386 929 281 938 
431 311 263 301 454 455 163 394 497 576 129 276 398 549 288 550 390 748 283 759 386 929 283 935 
430 312 263 300 448 453 163 397 482 571 149 277 395 549 288 550 389 732 283 758 387 929 288 931 
429 312 263 298 449 451 162 396 492 560 158 277 395 548 288 550 387 726 285 757 386 928 290 930 
428 311 263 297 451 446 160 396 504 542 161 274 394 548 288 550 386 743 285 760 383 927 290 931 
427 311 263 297 453 444 162 396 510 540 163 278 394 548 288 549 386 745 286 760 382 925 290 930 
425 311 263 297 455 444 164 397 511 543 162 283 394 547 288 549 386 747 289 744 383 925 291 930 
424 311 261 298 456 445 166 403 512 544 149 287 394 547 288 549 389 747 289 746 383 925 291 930 
424 311 261 298 457 447 167 406 537 533 108 297 396 548 288 550 390 749 288 753 383 926 291 936 
425 312 261 300 457 447 169 410 561 500 78 360 397 549 288 550 389 750 288 758 381 923 289 937 
426 312 261 300 464 447 192 419 574 429 89 430 397 549 288 549 389 727 287 758 381 923 284 935 
426 312 261 301 468 446 223 429 568 394 127 482 397 549 287 549 389 724 287 741 386 930 284 935 
426 312 261 303 467 445 239 430 567 391 194 496 397 549 287 549 389 723 288 736 388 930 284 934 
425 308 261 306 462 445 246 437 551 395 195 503 397 549 288 549 389 724 289 738 393 930 285 934 
424 305 260 306 460 445 245 438 534 397 177 508 397 548 288 549 389 725 289 741 399 928 285 931 
423 303 260 307 458 445 242 440 527 391 169 503 397 547 288 549 389 723 290 741 401 928 286 930 
423 301 259 307 458 443 242 439 524 385 166 499 397 546 288 548 389 721 290 742 402 927 286 929 
423 299 259 307 458 442 244 440 522 386 168 501 396 546 288 548 389 722 290 745 401 927 286 929 
423 299 260 308 457 442 246 440 519 390 170 505 396 545 288 547 389 720 290 734 401 925 288 927 
423 299 260 308 457 442 246 440 519 392 169 507 396 544 288 547 390 720 290 740 403 924 288 927 
423 299 260 308 457 442 245 440 520 393 168 502 396 543 288 546 390 720 290 741 404 923 289 924 
423 299 259 307 457 442 243 439 521 387 166 496 396 543 288 546 390 719 291 733 403 921 292 923 
424 300 259 307 464 441 235 437 516 373 168 451 395 543 287 546 390 719 291 727 403 921 292 921 
426 302 260 306 475 442 221 431 479 365 196 415 395 543 287 546 390 719 291 727 398 920 291 921 
426 303 260 306 477 447 209 433 437 372 252 399 395 545 286 546 390 719 291 727 398 920 294 921 
426 305 260 305 476 454 207 435 416 374 274 396 395 552 285 550 389 722 291 728 396 924 294 924 
426 306 260 304 475 459 204 439 443 386 258 386 395 554 285 552 389 722 291 728 396 926 294 927 
426 307 260 305 475 454 206 438 463 381 247 366 395 554 285 551 388 723 291 729 395 928 294 927 
426 307 259 304 472 450 207 438 517 377 180 373 396 551 285 550 389 722 293 729 395 928 293 921 
426 307 259 304 465 449 213 438 535 383 141 387 397 551 285 550 389 724 293 732 396 927 293 921 
426 307 259 304 461 445 227 438 543 391 142 406 397 549 285 549 389 723 294 731 396 927 294 921 
426 306 258 304 458 441 235 438 544 395 145 419 398 549 285 549 389 723 293 740 397 927 295 921 
426 306 258 305 459 441 235 439 543 395 146 421 398 547 285 547 389 722 291 741 397 927 295 920 
426 306 257 305 458 441 234 439 538 393 149 420 398 547 285 547 389 722 292 738 398 924 296 919 
426 306 257 305 458 442 233 439 535 390 150 419 398 547 285 548 389 721 292 740 399 921 296 919 
426 305 256 304 457 442 233 437 534 389 148 419 398 547 285 547 390 722 292 736 401 921 295 920 
426 306 256 302 455 442 233 432 507 391 163 426 397 547 285 547 392 721 292 724 401 920 293 918 
424 307 256 300 446 445 229 429 494 399 179 426 396 547 285 547 394 721 292 721 402 920 287 917 
416 311 257 298 433 448 222 425 482 407 200 423 394 548 286 548 394 720 293 718 399 918 287 918 
404 315 261 298 406 450 209 425 453 438 228 392 390 553 286 549 394 747 296 722 397 919 296 927 
386 315 270 286 379 445 210 420 421 464 299 335 378 551 289 547 392 726 307 753 383 919 304 929 
376 314 272 283 385 441 253 411 420 470 347 313 375 550 291 543 392 715 310 728 375 915 309 922 
366 309 275 282 365 426 279 404 417 467 378 313 370 547 294 541 387 711 317 724 366 911 317 922 
359 305 274 282 374 439 286 403 413 461 389 320 367 546 294 542 385 710 320 724 364 911 318 922 
361 304 273 282 367 430 283 406 416 460 390 329 367 547 294 543 384 713 324 729 365 914 321 924 
363 304 273 282 378 443 275 407 417 457 376 330 367 547 294 543 384 714 321 726 365 914 319 924 
365 308 270 282 372 442 263 408 419 456 351 332 369 547 294 543 385 710 317 722 367 914 314 921 
368 308 262 284 376 441 219 421 423 455 305 350 372 548 295 550 395 713 315 723 388 918 312 923 
380 308 253 295 388 442 193 428 455 439 244 389 380 548 294 552 398 715 305 724 399 920 298 925 
410 308 253 302 440 447 184 431 483 427 189 437 390 552 291 557 402 751 293 767 404 924 291 931 
422 307 254 307 473 445 201 421 491 398 172 465 395 552 290 556 402 750 294 767 404 921 293 928 
428 303 257 310 494 438 227 432 481 354 177 479 400 551 290 556 401 740 293 754 404 921 292 929 
423 297 276 310 488 416 276 433 440 306 207 478 402 546 296 552 400 733 294 747 403 921 295 928 
418 289 300 309 471 407 306 429 386 307 287 480 402 544 308 551 399 723 300 734 402 924 314 926 
415 290 317 308 436 412 321 429 344 336 305 496 400 544 319 551 387 721 304 736 387 929 319 924 
414 290 325 307 416 411 331 429 316 350 315 485 399 544 326 549 379 716 314 722 377 927 321 917 
414 291 329 303 413 409 325 423 313 352 305 472 399 540 329 543 380 712 316 710 379 912 326 897 
414 291 330 301 414 410 328 423 318 353 311 473 399 539 329 542 380 708 315 711 377 907 323 896 
415 290 327 303 415 411 328 425 334 356 313 475 399 540 328 542 380 709 314 711 379 904 319 895 
419 290 321 307 416 412 320 437 347 364 259 476 404 542 326 549 387 712 308 738 387 905 304 897 
419 289 319 307 435 412 312 433 394 463 256 490 403 547 324 553 388 714 305 744 396 903 303 897 
422 291 305 311 451 424 302 437 446 556 242 509 403 551 314 553 391 713 301 739 396 897 304 897 
429 295 287 311 465 438 272 438 484 577 235 540 403 551 302 553 392 715 299 731 396 899 303 898 
433 301 274 311 472 440 251 440 495 560 229 555 403 552 297 554 393 717 299 731 397 899 303 899 
434 302 264 310 469 438 231 445 501 548 214 575 403 555 293 560 395 727 299 738 398 909 303 919 
432 304 258 309 464 437 217 449 496 537 203 583 403 557 291 563 398 728 300 742 402 915 304 928 
431 307 257 308 463 443 210 449 490 552 197 584 403 560 292 565 398 730 300 741 403 914 303 925 
431 310 256 308 458 450 205 450 480 564 202 591 399 562 291 567 399 733 298 770 408 918 297 936 
429 311 255 307 454 451 194 432 475 561 209 539 398 561 290 566 399 730 299 769 406 918 298 933 
426 311 252 306 454 449 193 406 472 560 226 425 396 560 289 566 399 726 298 745 403 914 298 926 
419 305 253 296 455 436 199 396 464 550 242 311 392 549 283 549 398 715 294 722 396 916 297 919 
413 300 251 296 455 409 206 396 438 488 262 289 392 544 282 547 398 713 293 721 398 920 297 919 
410 300 248 296 455 413 210 404 413 390 286 347 390 545 281 547 398 718 287 724 399 920 284 920 
411 301 249 299 456 414 210 428 396 350 293 353 389 547 279 549 397 720 287 724 400 924 286 921 
414 302 251 299 456 419 211 426 383 348 285 374 390 548 279 549 397 722 284 726 400 925 284 921 
416 304 251 300 456 432 211 423 369 382 281 378 390 550 280 551 396 723 284 727 400 926 284 924 
416 305 256 300 458 432 202 407 375 405 276 333 391 552 280 551 395 723 284 728 400 926 284 924 
416 304 258 300 458 427 204 409 380 442 275 326 392 551 282 550 395 723 285 728 399 925 285 924 
416 303 258 300 458 422 213 421 382 421 285 356 393 550 282 550 395 723 285 729 399 921 283 922 
418 303 258 301 458 422 215 427 385 385 303 422 394 550 283 550 395 725 286 730 403 924 285 924 
420 303 261 301 458 423 217 424 388 375 302 442 398 550 289 550 396 724 290 730 407 924 289 922 
420 304 261 301 460 423 217 421 390 388 298 432 398 551 289 550 396 724 290 732 404 922 288 923 
421 306 261 300 460 423 217 421 403 437 295 408 398 556 289 554 395 724 290 732 396 922 288 924 
422 308 260 300 461 433 218 428 418 496 286 395 398 556 289 554 394 724 291 731 395 919 291 924 
422 308 259 302 462 435 218 436 438 527 267 413 398 555 288 554 394 723 291 731 395 917 298 923 
423 308 259 303 461 435 216 434 463 539 257 492 399 555 288 554 394 722 294 732 397 917 303 923 
424 308 258 304 458 436 215 437 480 550 224 556 397 555 286 554 391 722 295 731 393 909 303 916 
424 308 257 307 457 442 215 453 488 564 199 603 397 560 286 564 392 761 295 742 396 910 302 920 
424 308 254 307 456 442 212 456 493 558 178 598 396 560 284 564 391 759 295 742 396 913 300 928 
424 308 253 307 457 441 210 452 493 554 176 581 394 560 282 563 390 747 293 741 395 912 297 923 
424 308 251 308 457 444 208 453 492 564 175 590 394 560 281 563 389 745 291 741 394 912 292 921 
424 308 250 309 455 444 208 456 487 566 187 597 394 560 281 563 388 743 291 741 394 912 293 920 
423 308 251 309 455 444 209 455 482 568 195 574 394 559 281 563 387 741 291 740 393 911 293 920 
423 308 251 308 456 441 209 430 454 536 203 528 393 555 281 558 387 720 291 723 392 900 298 907 
423 308 251 308 456 448 209 432 402 426 247 440 393 556 281 560 386 721 290 724 393 917 298 921 
422 307 251 308 462 451 205 439 405 381 247 384 392 556 280 558 385 721 289 725 393 923 297 924 
421 306 251 308 466 452 203 442 407 373 244 373 392 557 279 559 385 723 289 734 393 932 297 932 
421 306 251 308 469 453 202 445 404 379 245 374 392 558 280 559 385 725 289 739 394 933 297 933 
420 306 251 308 470 454 201 446 406 383 246 372 392 559 279 559 385 725 289 739 396 933 298 934 
420 306 251 308 472 454 202 446 409 375 249 366 392 561 279 560 385 726 289 739 396 935 297 935 
422 307 252 308 472 455 202 446 410 377 246 354 392 561 279 560 385 728 289 739 395 936 297 935 
423 307 253 309 471 458 204 447 423 378 231 357 392 561 280 560 385 728 289 735 395 935 300 935 
423 308 253 309 464 459 207 448 439 385 218 365 392 561 280 560 385 728 289 731 395 935 301 936 
424 308 253 309 462 459 211 449 448 390 215 372 392 561 280 560 385 727 289 729 395 937 301 938 
424 308 253 309 461 459 212 449 451 392 212 375 392 562 280 560 385 728 289 729 394 937 301 939 
424 308 253 309 460 459 213 449 453 390 210 375 392 562 280 560 385 727 289 730 394 937 301 939 
424 308 253 309 458 459 214 449 452 390 211 375 392 562 280 560 385 727 289 730 394 938 301 939 
425 308 253 309 457 459 216 448 454 387 208 374 392 561 280 559 385 727 288 730 394 938 300 938 
425 308 253 308 457 459 218 445 456 384 198 375 392 561 280 559 385 727 288 731 392 938 299 938 
425 308 253 308 458 459 218 442 462 382 182 374 392 561 280 559 385 728 288 734 392 937 297 935 
425 308 254 307 461 454 212 440 475 381 172 345 392 559 280 558 385 729 288 734 392 940 295 935 
425 308 253 306 458 454 205 438 481 390 177 328 393 556 281 557 386 728 288 734 394 939 294 934 
425 308 253 305 454 454 203 437 483 397 172 324 393 554 282 556 387 727 288 735 394 939 294 933 
425 308 254 304 455 451 203 436 488 385 156 335 394 554 282 556 387 728 288 737 393 939 293 933 
426 307 255 303 468 448 210 436 488 358 141 365 394 554 282 554 387 727 288 752 394 928 293 930 
426 307 255 303 477 444 215 437 486 341 141 384 394 554 281 554 387 727 289 750 394 926 293 930 
425 307 255 303 478 443 217 438 491 334 149 380 394 554 281 554 387 729 289 748 395 927 292 930 
425 307 255 303 477 443 217 438 496 346 153 355 394 553 281 554 387 728 289 744 395 933 293 930 
425 307 255 304 464 449 214 438 494 382 156 346 394 553 282 554 394 744 289 742 395 935 293 930 
425 308 255 304 461 452 214 438 493 381 157 346 394 554 282 555 394 738 289 740 395 935 292 930 
425 308 255 304 462 452 216 438 493 375 150 361 394 553 281 554 392 735 289 740 395 932 291 929 
425 308 255 304 465 448 220 438 488 362 153 392 393 553 279 554 390 733 289 740 394 932 291 929 
425 308 255 304 466 446 221 439 488 359 154 400 393 553 279 554 389 732 289 740 394 930 291 928 
425 308 254 304 463 447 220 439 492 385 154 400 393 554 279 555 389 732 289 740 395 930 290 928 
425 309 253 304 455 446 220 439 492 435 156 407 393 553 279 554 389 725 289 733 394 927 291 928 
425 310 253 307 452 445 220 441 508 474 155 421 392 554 279 555 389 726 289 733 394 926 292 929 
425 309 254 307 452 440 220 437 506 508 155 492 392 553 280 555 389 724 290 732 394 916 304 913 
425 309 254 307 452 440 213 445 499 536 174 580 394 556 282 558 389 730 291 738 395 918 303 920 
425 309 254 307 452 439 214 447 498 528 198 583 394 557 283 560 389 729 292 739 394 918 302 920 
425 309 255 306 452 439 217 446 498 522 210 562 394 558 283 561 389 729 292 740 394 915 301 921 
424 309 255 305 452 438 220 444 497 520 215 561 394 558 283 561 389 728 292 739 394 910 303 920 
424 309 254 305 453 439 221 444 495 531 215 565 394 558 282 561 389 753 292 739 394 911 302 920 
424 308 254 305 454 440 221 446 479 537 213 576 394 558 282 562 389 743 292 739 393 912 302 924 
424 307 254 305 454 437 219 439 469 539 208 552 395 558 282 560 389 734 292 735 387 913 300 923 
425 307 255 305 453 438 217 429 464 563 205 546 394 557 281 559 389 728 292 731 384 913 298 920 
425 306 254 306 453 438 204 431 466 561 205 357 393 555 281 556 387 727 292 731 385 924 297 925 
424 304 257 306 454 435 183 401 477 556 209 279 390 552 281 554 387 724 292 730 385 923 299 920 
424 303 258 306 455 435 174 379 490 561 214 247 389 551 281 554 386 724 292 733 386 934 299 931 
424 302 259 304 459 436 172 359 497 565 222 231 389 548 281 552 386 724 292 733 386 935 299 934 
423 301 261 303 459 432 172 354 496 558 229 228 388 548 281 552 386 724 292 733 386 934 301 934 
424 301 264 303 458 435 175 352 490 563 234 229 388 549 281 552 383 721 291 733 385 925 301 922 
424 300 267 302 457 436 178 351 481 566 236 230 388 547 282 549 383 717 290 723 385 917 300 912 
424 300 268 301 457 435 178 353 477 563 237 239 388 546 282 547 383 718 289 724 385 918 296 912 
424 300 268 300 457 435 178 353 477 562 241 232 388 545 282 545 384 717 289 724 385 918 296 913 
424 300 270 300 457 436 179 353 478 563 242 233 388 543 282 543 383 717 289 724 385 920 296 914 
424 300 271 300 457 437 181 354 479 564 241 233 387 543 282 544 383 717 289 725 385 925 297 918 
424 300 271 300 457 437 182 355 481 564 240 233 387 543 282 544 383 717 289 725 384 926 299 918 
425 300 271 300 457 437 182 357 481 565 239 235 387 543 282 544 383 717 289 725 382 926 299 918 
425 300 271 300 457 438 183 358 481 566 239 238 387 542 283 543 382 717 289 725 382 922 299 916 
425 300 271 300 457 439 183 358 481 566 239 236 387 542 283 542 382 717 289 724 382 922 298 916 
425 300 271 300 457 439 185 359 481 565 239 237 387 541 283 540 382 717 289 723 381 923 298 916 
425 300 271 300 457 439 185 359 481 565 239 238 387 541 283 541 382 717 289 725 380 926 297 916 
425 300 270 299 457 439 187 363 481 565 237 240 388 540 283 539 382 717 289 724 380 925 294 915 
426 301 269 299 458 442 187 391 482 567 232 288 388 541 283 540 382 720 289 725 380 921 291 913 
427 303 268 300 458 444 192 420 482 567 237 339 388 544 283 545 383 724 288 758 383 922 290 921 
429 305 267 304 458 445 207 435 483 567 225 423 390 548 284 549 384 723 289 752 384 924 287 923 
430 306 266 305 458 445 211 428 483 566 221 499 392 550 284 551 384 723 289 746 384 920 287 923 
430 307 265 306 458 445 218 432 483 564 212 537 395 550 285 552 385 723 290 730 385 907 293 911 
430 307 264 307 458 445 223 442 484 564 206 566 396 552 285 554 386 723 290 730 386 906 293 911 
430 307 263 307 459 445 226 446 485 564 204 573 397 554 286 558 387 725 292 731 388 908 296 915 
430 307 262 307 459 445 227 443 485 564 206 571 399 555 286 559 388 725 293 731 391 908 297 917 
430 307 261 307 459 445 227 440 485 565 208 568 399 556 286 559 388 726 294 731 390 909 298 917 
430 307 260 307 459 447 227 439 481 572 209 565 399 555 287 559 388 725 294 729 391 910 299 917 
429 307 260 307 458 447 226 439 471 573 211 562 399 555 286 559 388 723 294 722 390 908 298 915 
429 307 259 307 457 448 225 440 462 575 212 568 399 556 285 559 388 722 294 722 390 909 298 915 
429 308 258 307 457 452 225 443 465 579 212 579 399 557 285 560 388 723 294 725 389 910 297 916 
428 308 257 307 457 451 224 446 468 578 212 583 398 557 285 560 388 724 293 726 389 916 295 920 
428 308 256 307 457 451 224 447 468 578 212 584 398 557 285 561 389 724 293 727 390 918 295 924 
428 309 256 308 456 454 224 451 468 578 213 588 398 561 284 565 389 727 293 732 390 925 295 934 
428 309 255 308 457 454 222 452 470 579 210 591 398 563 284 567 389 728 293 735 390 925 294 934 
427 309 255 308 457 454 221 453 470 580 210 593 398 563 284 568 389 731 293 739 392 930 295 937 
427 309 255 308 456 453 220 452 470 580 210 590 398 561 284 566 389 731 294 738 393 929 296 937 
427 309 255 308 456 453 220 454 470 579 211 592 399 561 284 565 389 731 294 739 395 929 297 936 
427 309 255 308 456 453 220 454 470 579 211 594 399 561 285 565 389 731 294 739 396 928 297 936 
427 309 255 308 456 452 220 454 471 579 211 596 399 559 285 564 390 731 295 739 396 925 299 936 
427 310 254 308 455 452 218 454 472 578 211 594 399 559 286 564 392 731 295 740 396 924 299 935 
421 310 254 306 451 452 218 454 473 577 211 593 399 558 287 563 392 731 297 739 395 919 299 929 
416 311 254 305 442 452 218 456 473 568 218 596 399 563 290 568 396 731 301 745 395 919 302 930 
408 313 261 301 432 452 227 451 471 563 237 596 397 562 300 568 396 728 306 739 394 918 302 930 
394 318 264 300 417 458 236 455 467 565 259 604 395 566 311 574 396 763 313 772 390 926 304 942 
375 320 273 298 395 464 251 463 434 569 288 615 388 572 323 582 397 775 321 786 389 941 309 962 
353 320 288 297 370 459 274 462 402 568 313 611 375 581 325 590 397 785 328 794 389 952 319 967 
339 310 296 293 370 453 296 461 406 561 353 609 366 579 324 587 393 784 338 787 387 961 327 969 
331 307 301 293 369 449 320 460 403 554 380 606 352 578 330 585 379 784 349 789 366 970 338 981 
334 307 304 294 375 449 338 460 409 552 408 601 346 577 331 585 371 784 354 792 363 973 343 991 
338 307 302 295 381 449 342 460 413 549 428 590 351 576 332 584 373 788 353 792 366 981 341 993 
343 307 301 296 384 450 337 460 428 547 438 583 355 577 335 583 374 794 356 797 368 991 345 999 
344 308 298 296 386 448 326 458 486 523 431 583 358 579 333 584 380 796 352 797 369 991 341 995 
368 308 288 290 391 448 301 455 454 525 391 582 381 579 325 583 405 750 339 764 412 951 338 964 
396 309 281 291 410 449 261 446 451 535 289 579 402 572 322 568 415 742 328 754 419 932 332 949 
418 308 276 296 448 440 241 447 495 531 228 577 411 566 314 567 416 752 319 749 431 930 334 943 
428 306 273 300 484 425 220 447 560 514 163 574 415 564 308 566 415 739 313 757 422 928 321 941 
438 306 272 305 510 426 210 447 590 516 134 569 418 563 304 567 413 760 312 768 417 932 313 944 
445 306 273 310 515 429 216 448 595 521 134 565 420 563 305 566 412 738 310 751 414 935 308 944 
448 306 280 313 504 431 225 446 562 522 177 553 421 562 306 564 411 752 312 757 413 931 308 938 
446 303 301 312 492 431 283 440 462 550 231 529 419 561 310 559 411 724 311 730 403 914 310 919 
441 296 317 311 447 432 305 438 364 549 277 521 417 548 317 550 404 723 308 729 401 903 305 901 
437 294 339 311 410 438 327 439 295 549 281 526 410 548 335 550 401 749 308 720 395 910 314 913 
434 291 344 310 393 440 324 441 275 548 272 528 405 543 340 548 392 755 313 716 380 927 325 918 
427 291 348 310 390 445 334 441 279 552 285 530 398 545 344 549 387 759 317 719 371 929 329 921 
425 291 342 310 393 449 328 444 293 574 289 539 396 546 344 550 379 764 318 722 371 932 328 923 
425 291 337 310 400 448 320 445 332 585 290 539 400 547 343 551 382 764 311 726 371 932 318 924 
426 292 334 309 425 448 317 445 402 581 291 539 404 551 329 551 394 740 308 735 387 929 318 924 
431 294 303 308 463 447 290 439 488 576 252 518 405 551 311 552 394 729 304 733 386 921 315 919 
435 297 281 308 487 434 238 428 545 547 176 517 405 552 301 552 394 726 299 731 387 915 299 911 
435 300 269 308 493 434 203 429 571 530 112 522 405 552 293 552 394 727 298 760 388 917 295 915 
434 305 259 307 483 437 179 431 565 533 71 527 405 556 292 561 394 765 298 783 390 925 294 936 
427 308 258 305 482 440 190 429 528 536 104 528 405 557 294 562 397 774 299 786 398 933 296 942 
413 315 259 304 444 454 208 432 518 561 143 567 398 557 296 562 403 769 302 779 405 924 297 943 
382 315 265 299 393 453 226 432 425 542 256 561 387 557 298 562 403 732 314 774 403 923 301 942 
366 314 267 298 388 446 276 437 423 519 350 558 378 561 299 569 402 723 326 751 404 923 314 944 
362 314 268 293 390 445 295 435 436 504 412 532 375 560 299 565 398 724 326 743 386 936 313 946 
354 314 266 293 382 438 300 434 438 502 434 514 369 556 296 559 393 721 324 739 382 932 311 941 
357 313 267 291 384 438 297 434 440 505 433 517 370 556 297 558 391 722 324 738 381 932 306 941 
359 313 266 291 384 439 289 438 442 502 397 530 370 565 297 566 391 754 323 768 382 937 307 948 
360 313 265 292 375 440 264 440 422 506 339 548 371 570 297 572 391 743 319 764 388 935 307 947 
363 317 262 292 380 454 239 439 423 552 233 574 376 569 297 571 389 766 318 781 385 936 305 946 
375 320 253 296 411 457 208 441 476 570 147 583 376 568 290 570 387 762 305 750 385 917 303 935 
392 318 248 299 435 457 188 442 498 559 118 574 378 568 283 569 387 764 295 742 392 918 294 935 
406 316 247 302 447 449 186 442 507 558 117 570 379 567 276 569 385 768 288 768 394 919 292 935 
411 314 247 303 455 444 195 442 503 559 133 570 381 565 274 568 382 768 288 750 392 918 293 930 
415 312 248 306 450 444 203 448 493 567 168 583 383 565 275 567 382 766 288 746 391 917 293 929 
418 311 249 307 444 448 222 447 447 583 201 579 381 565 271 564 381 727 283 730 378 912 286 918 
420 310 250 307 441 451 232 441 422 589 209 552 379 565 271 560 377 720 280 726 372 909 282 912 
420 307 255 310 439 452 242 446 411 585 216 553 381 567 272 561 377 756 282 749 374 918 284 922 
419 307 260 312 438 457 244 447 407 588 216 554 381 573 272 566 377 763 279 741 375 918 285 922 
421 307 263 311 437 461 243 448 411 600 205 555 381 574 273 567 378 740 277 736 374 920 286 921 
422 307 264 312 439 461 242 449 417 597 203 558 381 573 274 567 379 720 278 727 375 912 288 912 
423 307 264 312 444 460 242 449 419 593 205 567 383 572 274 566 379 722 279 727 375 912 288 913 
425 306 264 312 449 459 242 449 435 591 212 567 386 567 275 563 381 722 280 724 377 913 288 914 
426 306 264 312 454 457 242 449 450 590 212 568 391 566 277 563 383 725 280 725 378 917 288 916 
427 306 263 312 455 454 239 449 463 589 211 569 395 564 280 562 383 726 280 726 381 920 288 919 
429 306 261 312 458 454 236 449 468 588 208 577 399 564 282 562 385 727 281 727 384 921 288 924 
429 306 260 312 459 452 232 446 471 585 208 575 399 562 282 562 385 728 284 727 386 920 291 924 
429 306 260 310 459 448 225 434 471 575 208 536 398 556 282 556 385 720 285 718 385 916 292 918 
429 307 260 310 459 447 218 434 470 574 215 419 398 557 282 556 385 722 286 720 383 920 292 919 
429 307 260 310 458 445 214 435 468 571 213 373 398 555 283 556 386 719 286 720 383 922 292 919 
428 307 260 310 458 444 215 436 451 569 210 359 397 555 283 556 387 712 286 719 383 923 296 919 
426 309 258 306 458 443 214 424 435 551 206 391 397 556 282 556 387 713 284 719 383 897 291 900 
426 311 258 305 458 443 215 425 418 497 255 455 397 559 282 560 387 722 283 732 383 916 291 931 
425 311 257 304 460 449 216 427 416 401 244 438 397 559 282 561 386 725 284 733 388 924 291 931 
425 310 256 301 459 449 216 428 421 373 237 430 397 558 282 559 387 725 284 733 391 927 290 932 
424 308 255 300 455 446 217 428 425 386 235 437 397 553 282 557 389 724 286 731 392 926 290 931 
421 308 255 303 444 445 217 434 424 417 227 439 394 555 282 559 393 750 286 731 394 926 290 931 
420 308 255 303 433 433 217 429 426 422 194 416 391 555 281 558 394 742 286 732 397 924 290 928 
419 308 254 303 435 432 218 433 427 426 194 359 390 557 281 560 394 752 286 732 396 925 293 932 
419 309 254 307 435 433 211 440 427 431 195 363 390 559 280 562 394 761 286 736 396 934 298 938 
416 309 253 304 435 432 207 428 428 415 196 384 390 559 280 562 394 736 285 735 396 918 296 920 
416 310 253 299 436 445 206 411 422 380 198 388 390 558 280 561 392 726 285 728 394 917 294 921 
416 308 253 296 440 446 208 410 417 349 200 394 389 556 279 559 391 726 285 730 393 923 293 924 
414 302 252 296 449 432 208 408 407 332 204 397 389 550 279 554 391 721 285 726 393 926 294 924 
412 299 251 296 449 428 208 411 398 353 207 405 389 549 279 552 391 721 285 725 397 923 292 919 
412 300 249 302 448 429 208 434 398 367 211 405 390 549 279 555 391 723 285 728 397 925 289 925 
410 300 247 302 440 430 207 438 395 389 253 365 390 549 279 555 391 723 286 728 397 926 289 929 
409 300 247 295 436 430 206 413 384 411 317 351 389 550 278 554 389 724 285 728 397 926 288 928 
409 300 248 294 430 430 205 404 370 404 329 366 389 549 278 551 387 720 284 724 397 922 282 924 
409 302 249 294 429 431 205 407 371 403 341 369 389 550 278 551 387 720 283 724 397 920 277 924 
409 303 249 294 430 435 203 408 354 385 334 376 389 550 278 551 386 721 284 726 398 922 281 926 
409 301 250 293 430 422 203 405 329 339 347 378 389 549 278 551 386 721 284 729 399 924 281 926 
407 296 250 293 433 403 203 405 316 334 344 379 390 545 278 549 389 719 284 727 404 924 283 926 
406 292 250 293 440 393 204 405 326 349 337 380 390 545 278 549 390 719 286 729 408 929 286 932 
406 292 250 295 443 401 204 412 330 353 329 382 390 545 278 549 390 720 286 730 408 937 286 938 
407 294 249 298 456 407 191 421 340 359 301 384 390 548 277 551 390 720 286 730 406 937 289 939 
410 299 249 300 468 430 186 428 374 367 222 379 390 552 277 556 390 721 287 733 406 936 294 938 
417 306 249 302 468 455 184 427 407 381 199 331 390 554 277 557 390 724 287 733 404 938 294 938 
418 310 250 302 465 461 185 427 421 374 185 313 390 554 279 556 389 724 287 734 404 938 294 938 
423 310 252 302 466 453 186 427 454 352 181 308 391 553 281 556 390 726 287 737 402 937 295 937 
426 309 258 303 481 448 190 430 469 305 170 311 396 554 284 556 401 747 290 746 404 939 296 939 
433 309 264 303 499 444 200 437 495 309 160 316 405 553 289 556 406 749 296 743 404 934 297 936 
439 308 269 307 513 436 221 449 486 311 170 427 414 553 304 558 425 761 308 748 423 939 300 943 
443 308 282 307 505 431 223 420 506 377 178 422 415 550 307 549 419 735 315 737 420 929 310 930 
451 307 285 309 503 431 244 444 541 505 196 558 428 561 321 563 416 733 319 737 418 928 321 934 
458 307 290 309 500 430 270 442 538 524 239 543 431 560 319 560 416 729 317 733 417 925 321 925 
462 307 295 309 505 427 280 441 545 533 254 539 434 560 322 557 418 728 317 733 416 921 321 921 
468 307 301 312 514 431 286 443 549 540 262 551 436 559 325 557 421 727 318 733 417 911 321 910 
470 307 305 313 512 433 287 445 548 544 260 558 436 559 327 557 420 727 317 733 418 913 321 911 
471 306 307 313 510 434 282 444 544 545 255 531 438 555 327 555 420 725 317 732 418 911 324 907 
468 307 306 312 508 435 277 436 545 542 199 526 436 554 326 554 419 725 316 732 417 912 323 910 
466 309 303 313 507 437 224 418 564 536 112 452 435 557 324 557 419 725 315 734 417 912 315 911 
459 309 290 312 513 435 186 395 593 524 51 372 432 556 323 556 417 725 312 734 410 911 305 911 
446 309 275 310 526 420 174 383 629 489 50 334 424 555 313 556 413 725 305 734 402 925 294 937 
436 309 266 307 536 399 169 385 663 410 48 344 409 546 300 546 399 719 295 731 381 923 282 934 
427 308 256 303 538 385 175 390 654 328 45 383 392 546 281 545 388 719 281 725 381 920 266 927 
419 308 251 303 536 385 183 408 628 294 72 473 374 544 267 540 379 720 268 720 377 918 254 917 
408 310 243 302 527 392 188 422 624 308 88 514 362 545 253 541 373 720 256 721 373 925 247 920 
399 313 235 302 498 407 182 423 623 345 78 494 358 546 248 542 366 747 254 721 363 925 240 922 
391 314 225 302 453 424 162 418 558 461 48 478 359 545 248 543 366 737 258 721 360 924 246 926 
384 314 217 303 429 442 135 409 498 528 14 404 360 548 250 555 368 760 259 735 364 924 252 937 
378 314 214 303 415 439 127 403 468 526 23 371 357 549 248 556 366 756 258 735 364 918 255 928 
377 314 213 303 427 438 133 404 509 505 33 381 352 549 243 556 360 729 254 730 357 902 249 919 
379 313 214 304 442 434 143 413 556 439 41 415 347 543 240 547 358 717 252 718 355 897 247 911 
384 313 217 306 460 427 170 428 571 385 57 490 350 543 240 547 361 719 251 719 358 900 245 912 
386 312 220 310 470 422 187 436 576 376 93 509 353 546 243 551 364 720 253 727 372 905 247 920 
387 311 220 310 471 422 197 432 573 398 91 485 356 546 247 550 371 717 258 724 382 899 257 919 
391 308 226 310 465 423 192 431 560 467 87 439 370 547 260 553 382 732 267 723 387 898 257 919 
399 306 233 312 457 427 190 432 526 514 83 383 389 551 280 564 391 730 279 736 395 904 272 934 
410 305 247 312 457 430 190 432 510 512 88 369 401 554 293 565 399 729 297 736 402 913 297 937 
424 304 259 313 474 432 210 435 519 493 98 388 407 554 299 565 405 725 303 733 401 913 304 936 
438 302 274 313 500 431 249 435 530 414 144 421 414 546 305 549 409 719 312 721 408 909 312 921 
449 301 286 313 519 426 277 435 553 373 189 448 420 540 314 542 416 716 316 721 417 909 317 914 
455 300 297 314 522 424 286 442 570 366 186 442 431 543 325 544 427 717 326 721 430 907 328 915 
464 300 306 317 521 427 290 446 570 392 198 416 439 554 334 553 431 719 328 729 437 908 322 916 
472 301 312 319 517 427 289 447 564 405 213 405 448 556 342 554 436 720 333 728 439 911 326 918 
477 302 319 321 528 427 301 448 567 394 216 407 453 555 348 554 439 720 334 728 442 911 323 914 
483 303 329 321 536 429 322 447 566 384 231 435 455 555 351 554 440 720 334 728 446 911 326 907 
481 304 332 320 541 429 330 446 559 377 260 456 457 554 354 554 441 716 333 726 450 895 327 888 
487 304 332 320 541 436 327 450 552 380 267 451 457 554 353 554 442 717 334 726 451 896 330 894 
486 304 330 320 544 437 312 452 542 385 268 402 457 556 353 556 443 717 332 726 448 917 328 908 
489 308 328 321 549 447 303 452 496 385 286 363 459 563 354 560 443 720 333 727 446 923 329 923 
489 313 331 322 545 461 292 451 478 356 317 338 459 573 354 567 442 726 332 735 444 935 328 936 
486 313 330 321 539 456 290 448 469 333 332 341 459 572 353 567 442 730 332 740 443 937 328 936 
486 313 328 321 537 451 290 448 469 324 335 343 460 571 352 567 441 730 331 739 443 935 327 936 
485 313 327 321 535 449 288 448 464 327 336 346 459 571 351 569 441 732 331 741 445 936 326 939 
484 312 326 321 531 448 286 448 462 329 331 349 459 572 350 570 441 736 331 748 443 940 325 943 
478 312 323 321 527 447 284 449 458 325 324 353 459 574 348 573 441 743 330 753 439 946 319 947 
475 312 317 322 522 449 280 456 452 332 322 371 454 580 343 579 440 771 324 767 437 951 315 949 
471 311 308 322 522 449 268 456 450 372 313 471 442 578 332 578 433 755 317 751 421 948 314 947 
463 312 295 318 511 444 255 448 451 439 250 529 430 578 318 577 423 743 309 751 416 941 310 945 
447 312 278 314 493 439 236 455 457 493 218 589 420 577 305 576 411 764 307 778 410 933 308 945 
432 310 263 304 471 429 225 444 459 497 207 554 403 563 293 565 400 728 297 738 397 926 304 930 
418 310 247 303 444 427 210 440 455 503 195 546 387 555 279 559 393 725 294 741 397 922 299 925 
404 310 238 302 420 427 193 440 445 512 173 558 374 555 265 558 384 737 277 736 388 906 282 920 
390 310 226 302 407 430 180 441 430 514 153 574 362 556 255 558 381 753 274 756 387 907 274 926 
378 310 217 301 402 421 166 438 413 489 145 564 351 557 245 559 376 755 270 757 381 911 270 926 
370 309 206 301 400 414 154 432 400 482 171 545 353 555 243 559 371 725 261 727 379 908 267 922 
368 308 202 301 400 417 139 432 396 478 181 491 351 555 243 560 369 719 265 722 379 910 270 922 
367 306 200 301 411 412 126 426 395 476 184 474 350 555 240 560 368 718 268 716 378 910 272 922 
373 305 201 302 434 398 108 400 405 464 179 471 353 551 242 558 367 719 269 716 375 909 271 923 
375 300 202 298 464 364 89 360 412 441 157 451 355 534 242 543 368 713 266 712 374 897 272 917 
378 293 207 295 488 344 91 339 425 418 158 432 357 527 243 534 369 708 264 713 375 885 271 904 
380 293 209 296 495 352 97 346 414 420 170 424 358 527 245 535 369 711 266 715 376 891 274 908 
382 293 211 296 505 357 105 353 412 416 196 426 360 529 247 536 368 712 267 716 376 896 275 908 
384 293 211 296 509 358 109 353 413 412 205 423 360 528 248 533 368 712 268 717 376 898 274 909 
386 293 212 297 512 358 110 355 413 412 206 421 361 528 248 534 368 713 268 720 377 909 275 914 
388 293 213 297 515 359 112 353 414 411 206 420 361 529 249 535 369 713 268 722 377 912 275 914 
390 292 214 297 516 357 111 353 414 410 204 417 362 530 249 536 369 713 268 724 377 913 273 914 
390 290 214 297 517 353 102 353 414 409 204 414 362 531 249 536 369 712 268 725 377 914 274 915 
388 288 210 298 515 348 94 355 413 409 198 411 362 529 249 535 369 711 268 725 379 907 271 913 
382 286 205 298 512 346 90 356 409 410 194 413 360 525 248 533 369 710 265 721 382 898 266 907 
377 287 203 298 511 346 85 357 406 411 180 410 357 526 247 534 369 734 263 722 382 899 267 908 
371 287 198 299 505 346 78 357 401 411 175 410 353 527 245 536 367 726 262 721 382 900 268 909 
366 288 194 299 494 348 77 358 396 412 171 413 349 527 240 536 365 734 260 721 381 899 271 912 
364 289 193 300 485 348 77 359 386 412 171 419 348 527 238 537 364 738 259 722 381 898 271 914 
365 289 193 300 480 346 79 359 387 412 171 420 348 527 238 537 362 719 257 721 379 895 269 913 
365 289 193 299 482 344 80 356 390 413 172 424 348 526 238 536 362 713 258 718 379 889 269 906 
373 291 197 298 482 345 88 351 391 413 169 422 349 526 239 536 363 707 257 716 378 875 266 892 
388 291 209 296 490 345 105 351 404 413 169 429 355 526 243 536 367 721 259 716 376 879 267 893 
406 291 227 296 508 345 125 354 424 413 170 444 369 526 260 534 377 706 286 734 381 874 291 891 
427 291 242 294 526 348 157 370 437 413 189 469 385 528 274 534 388 706 295 722 385 884 299 893 
443 291 259 293 546 353 185 382 456 414 209 469 398 529 287 534 397 706 301 735 389 885 304 894 
461 292 277 292 567 357 197 383 474 415 219 473 414 531 302 534 407 707 306 722 394 888 303 895 
478 293 291 291 586 359 210 382 493 416 230 469 426 537 312 534 413 708 304 716 396 903 301 899 
487 293 303 290 602 359 227 380 507 417 240 466 432 537 317 532 420 705 309 707 403 898 302 892 
493 293 309 290 616 360 238 383 519 418 255 467 434 537 321 532 418 734 314 708 403 897 311 892 
497 293 313 290 621 362 245 385 525 418 258 468 437 537 324 531 420 722 317 706 404 897 315 893 
499 293 315 290 624 364 248 386 520 419 261 468 438 538 324 532 419 719 317 706 403 894 318 892 
501 293 317 290 624 364 251 386 516 422 270 470 439 538 324 532 422 717 315 723 408 894 314 884 
501 293 318 290 623 364 248 385 512 425 268 469 441 539 325 532 422 716 314 718 409 902 306 884 
499 293 317 290 625 364 248 389 515 424 270 469 440 540 324 533 420 716 313 718 408 910 300 894 
495 293 313 290 622 364 244 396 511 424 268 472 440 541 323 534 419 718 312 719 407 915 296 908 
492 293 310 290 618 364 241 399 512 422 264 473 438 541 321 533 418 717 309 716 404 907 295 908 
491 293 309 291 615 364 238 402 510 420 259 477 438 541 321 533 416 715 309 715 400 907 295 909 
480 294 302 291 602 364 232 401 498 420 235 480 431 541 313 536 413 715 310 751 399 911 296 917 
461 294 286 292 583 362 209 399 486 419 225 480 418 541 305 537 406 715 309 738 394 913 299 919 
444 294 269 292 564 361 199 397 471 417 212 480 404 538 295 537 394 714 305 737 387 912 299 918 
431 294 254 294 552 360 188 397 454 416 208 479 397 537 287 538 391 711 305 739 385 908 299 916 
420 294 241 297 541 357 177 397 443 416 202 481 391 537 281 539 386 710 297 726 384 907 298 915 
414 294 238 298 535 354 165 392 437 413 194 479 388 534 278 539 389 709 292 720 384 907 298 915 
412 294 240 300 534 354 152 385 433 412 188 479 387 534 277 539 389 709 292 720 388 910 299 914 
412 294 241 300 532 353 145 371 437 412 188 454 389 532 279 538 389 707 293 716 388 904 302 910 
414 294 243 300 536 351 147 362 441 410 192 438 391 530 281 535 389 707 293 716 390 904 305 910 
417 294 246 300 540 350 153 360 444 409 209 433 393 528 284 534 389 711 299 717 395 909 309 910 
420 294 247 300 542 349 157 363 445 409 222 431 397 528 287 533 390 711 302 717 396 908 311 909 
420 294 250 301 545 348 159 364 447 409 237 429 403 527 294 532 395 711 305 716 400 908 314 908 
423 294 253 301 551 348 161 365 455 408 241 425 407 526 298 531 396 710 308 716 405 907 318 905 
431 293 261 301 558 348 165 364 463 407 249 424 410 526 301 530 398 710 309 715 406 907 318 904 
436 293 268 301 565 348 172 364 466 407 253 420 413 527 305 530 400 709 310 714 406 905 320 900 
443 294 276 300 572 349 178 362 474 407 257 418 415 527 308 530 402 708 313 712 409 908 322 901 
449 294 280 300 576 350 187 362 476 408 264 419 418 525 312 528 404 707 315 710 408 898 323 894 
456 294 284 300 582 351 190 361 480 411 265 419 422 525 314 528 407 707 318 710 408 900 324 895 
463 294 290 298 586 353 194 359 489 411 267 419 425 525 316 528 411 706 318 709 410 894 323 887 
469 295 296 298 593 356 198 355 498 410 266 419 427 531 317 530 414 708 316 716 415 895 316 885 
472 297 299 298 597 359 201 354 496 411 273 420 430 535 320 531 415 710 312 722 415 898 306 886 
472 299 298 298 596 362 203 353 493 414 273 419 430 535 318 531 414 712 311 723 415 916 305 902 
470 300 296 297 593 364 201 353 487 416 272 420 429 534 318 531 414 713 311 722 415 917 305 908 
468 300 295 297 590 364 200 353 479 417 271 420 429 534 316 532 412 715 311 722 415 919 305 912 
462 300 291 296 580 364 190 353 473 417 270 422 424 534 311 533 408 716 310 722 409 919 305 916 
453 300 282 296 570 365 177 353 460 417 266 426 417 534 306 533 403 715 308 722 404 918 305 916 
448 300 278 296 566 364 170 353 459 417 255 426 412 534 302 533 398 714 306 723 399 914 304 915 
444 299 275 295 561 364 163 353 456 416 239 424 407 534 299 533 395 713 304 723 397 914 304 915 
440 298 270 295 559 363 158 353 453 416 228 423 404 534 296 533 395 713 302 723 396 914 304 915 
436 297 265 295 556 363 154 353 451 416 223 422 401 534 294 534 394 712 301 722 395 914 303 914 
433 297 262 295 553 362 151 353 449 416 214 421 398 534 291 535 392 712 299 725 395 915 303 914 
431 297 261 295 551 362 149 353 450 416 211 421 396 534 288 535 391 712 297 725 395 915 303 914 
428 297 257 295 550 362 148 354 451 417 215 426 395 534 286 535 390 713 295 727 395 915 303 914 
427 296 255 295 544 362 149 355 480 425 193 441 394 533 284 534 388 711 293 721 389 910 300 905 
424 296 253 296 528 373 151 368 476 469 189 472 393 533 282 535 388 710 293 720 388 902 300 904 
422 296 249 298 515 385 153 384 473 487 195 495 391 534 281 538 387 709 293 720 387 887 300 896 
